"species","x","y","bio_1","bio_10","bio_11","bio_12","bio_13","bio_14","bio_15","bio_16","bio_17","bio_18","bio_19","bio_2","bio_3","bio_4","bio_5","bio_6","bio_7","bio_8","bio_9"
"species",1,1,239,252,215,750,156,2,88,465,9,277,11,83,61,1369,302,168,134,247,218
"species",2,2,274,280,269,1111,263,4,100,788,15,55,788,51,69,384,314,239,74,269,277
"species",3,3,248,261,239,1536,392,2,111,1174,8,20,1174,79,68,820,315,198,116,239,254
"species",4,4,234,249,222,1450,361,5,105,1046,15,29,1046,86,66,1009,307,179,128,222,246
"species",5,5,259,282,249,673,124,0,84,359,1,95,323,77,59,1145,332,202,130,249,256
"species",6,6,273,280,270,1137,260,8,94,778,28,72,183,52,70,370,313,239,74,270,277
"species",7,7,252,275,243,795,148,0,85,427,1,108,385,77,59,1112,326,195,131,243,249
"species",8,8,265,282,251,957,239,4,104,702,12,31,702,82,65,1115,337,212,125,251,276
"species",9,9,238,253,226,1449,363,4,105,1046,14,28,1046,86,66,1021,311,182,129,226,249
"species",10,10,241,257,229,1572,392,4,107,1170,13,31,1170,83,66,1005,313,188,124,229,249
"species",11,11,236,251,224,1460,355,5,104,1044,16,30,1044,85,66,1013,309,181,128,224,249
"species",12,12,238,254,227,1288,316,4,106,935,14,25,935,84,66,1006,311,184,126,227,250
"species",13,13,244,259,232,1562,382,5,105,1120,15,29,1120,85,66,1016,317,189,128,232,256
"species",14,14,252,262,244,1044,224,8,88,654,31,34,654,79,70,675,316,202,113,244,258
"species",15,15,231,240,225,1496,322,17,87,949,56,56,949,73,70,561,288,185,103,225,238
"species",16,16,231,239,224,1275,277,14,88,817,47,47,817,74,70,575,289,184,105,224,237
"species",17,17,236,245,229,1469,313,16,86,909,54,56,909,75,70,590,295,188,106,229,242
"species",18,18,220,232,197,951,214,1,95,613,5,394,6,84,61,1275,286,149,136,227,201
"species",19,19,256,265,249,1389,295,15,86,858,50,51,858,74,70,600,315,209,105,249,263
"species",20,20,173,185,151,1203,216,14,74,629,45,420,55,80,63,1239,233,107,125,181,154
"species",21,21,219,230,197,551,103,2,80,303,11,202,19,81,62,1257,282,152,129,228,199
"species",22,22,274,292,256,894,201,5,95,580,22,143,61,91,63,1239,350,206,144,273,271
"species",23,23,263,278,241,672,108,17,57,313,52,97,193,65,59,1433,321,210,110,251,270
"species",24,24,261,280,244,926,166,1,84,492,3,159,4,85,59,1051,334,191,143,265,247
"species",25,25,242,257,221,1126,119,63,18,344,192,304,270,50,55,1315,288,196,91,251,239
"species",26,26,263,273,249,1952,302,42,62,900,129,539,613,33,54,845,293,232,60,252,264
"species",27,27,259,280,245,970,172,1,81,510,5,199,6,76,56,1047,330,197,133,259,251
"species",28,28,263,277,242,911,159,23,63,445,75,190,282,56,58,1296,311,215,96,263,268
"species",29,29,219,233,198,1115,172,22,55,510,74,287,361,73,63,1308,279,163,115,199,225
"species",30,30,236,250,212,1001,154,19,57,446,73,385,107,75,61,1448,293,172,120,246,216
"species",31,31,187,199,164,1031,199,7,82,591,25,397,30,81,63,1275,247,120,127,195,167
"species",32,32,217,228,194,952,217,2,93,613,8,393,11,84,61,1256,282,146,136,224,198
"species",33,33,237,251,213,980,143,21,53,417,77,372,122,74,61,1455,295,174,120,248,226
"species",34,34,242,257,218,933,147,17,60,425,63,355,91,74,61,1474,301,179,121,254,219
"species",35,35,238,253,216,872,95,36,26,274,121,245,163,67,60,1428,295,184,111,240,225
"species",36,36,233,246,210,693,129,3,85,383,9,301,10,83,61,1315,298,163,134,241,213
"species",37,37,221,236,198,892,106,34,30,303,109,296,211,72,62,1465,278,162,116,233,209
"species",38,38,238,253,218,1237,126,69,17,372,211,347,285,51,55,1314,284,192,92,248,236
"species",39,39,204,220,181,723,136,17,66,403,57,225,72,71,59,1456,263,143,120,215,182
"species",40,40,219,233,199,1388,140,82,16,412,248,403,287,52,56,1281,265,172,92,228,206
"species",41,41,250,271,234,724,188,3,99,513,11,79,33,84,59,1273,326,185,141,244,252
"species",42,42,261,275,242,933,163,26,61,464,81,201,271,52,57,1251,308,216,91,262,272
"species",43,43,269,288,251,953,224,4,96,636,16,87,49,88,61,1274,344,201,142,266,267
"species",44,44,254,272,236,879,166,0,85,495,3,165,3,83,58,1063,325,184,141,256,236
"species",45,45,253,268,235,1757,185,108,15,537,332,527,390,25,41,1218,283,221,62,264,239
"species",46,46,239,253,216,774,97,24,33,271,77,228,188,80,62,1436,303,175,128,251,244
"species",47,47,190,202,167,834,151,8,76,449,28,303,34,80,63,1284,250,123,126,198,170
"species",48,48,267,287,250,810,201,4,99,556,14,75,34,86,60,1263,342,201,141,262,268
"species",49,49,263,274,250,1872,289,38,62,867,119,515,594,33,54,856,294,233,61,252,265
"species",50,50,254,269,236,2161,211,136,13,627,419,587,504,27,42,1192,285,222,63,238,240
"species",51,51,253,271,232,1493,188,84,23,515,282,283,292,36,44,1438,294,213,80,254,253
"species",52,52,247,261,223,780,102,21,38,285,73,254,167,79,62,1495,310,183,126,260,252
"species",53,53,244,259,220,794,127,14,61,367,51,299,74,74,60,1484,303,181,121,255,221
"species",54,54,224,236,203,886,175,1,87,512,3,171,4,87,61,1157,293,152,140,230,205
"species",55,55,236,249,213,635,88,18,39,244,62,208,130,81,63,1406,301,171,129,248,241
"species",56,56,251,266,232,1897,195,121,13,569,366,563,410,26,42,1226,282,218,63,262,237
"species",57,57,200,212,177,1100,199,14,71,550,46,398,56,80,62,1300,260,133,127,208,179
"species",58,58,237,250,214,812,114,22,41,315,77,270,166,82,63,1410,302,173,129,249,242
"species",59,59,223,237,201,961,136,22,52,395,71,290,258,76,62,1398,287,165,121,210,230
"species",60,60,214,227,190,935,183,9,80,537,30,363,36,79,62,1371,273,147,126,223,192
"species",61,61,244,259,223,748,90,33,28,257,108,242,136,57,57,1383,294,195,99,256,230
"species",62,62,250,269,230,1405,164,82,19,458,281,287,281,39,46,1445,293,208,84,252,231
"species",63,63,190,203,168,1071,183,18,66,526,59,364,74,79,63,1292,249,124,125,199,170
"species",64,64,270,290,253,983,233,5,97,662,18,87,51,88,62,1254,345,203,142,267,269
"species",65,65,262,273,247,1440,216,31,59,646,101,419,436,42,59,901,298,226,72,249,264
"species",66,66,232,247,208,936,106,34,29,308,115,298,235,70,60,1505,289,174,115,245,219
"species",67,67,202,215,179,713,128,8,74,380,26,276,32,80,62,1325,262,135,127,211,181
"species",68,68,255,269,237,2283,231,142,17,689,435,619,539,22,39,1167,283,225,57,247,249
"species",69,69,218,232,195,751,101,26,37,286,84,264,160,74,62,1440,276,157,118,230,206
"species",70,70,230,243,207,763,118,18,50,327,62,274,124,83,63,1356,295,165,130,240,220
"species",71,71,193,206,171,1156,203,15,71,592,51,416,62,80,63,1297,253,127,126,202,173
"species",72,72,232,251,208,1177,157,43,41,466,148,401,175,62,54,1576,289,175,113,247,209
"species",73,73,218,232,194,926,118,35,33,335,111,313,209,73,62,1445,274,157,116,230,206
"species",74,74,251,270,229,1308,157,73,20,434,251,282,251,44,48,1492,297,205,92,256,230
"species",75,75,251,269,233,1070,256,5,96,728,23,208,61,89,62,1228,326,183,142,250,248
"species",76,76,208,221,184,875,168,8,79,496,28,344,35,80,62,1348,267,141,126,217,187
"species",77,77,263,273,249,1912,296,38,61,884,121,527,610,34,54,868,294,231,63,251,264
"species",78,78,247,262,229,1734,182,110,14,526,331,522,372,29,44,1238,280,213,67,259,234
"species",79,79,253,272,233,1497,194,82,25,527,272,272,290,35,44,1438,294,214,79,255,272
"species",80,80,248,263,228,1475,164,90,17,466,277,456,326,34,46,1263,284,211,73,260,234
"species",81,81,251,266,232,1810,180,114,13,536,355,526,389,28,42,1237,283,217,65,262,237
"species",82,82,254,267,235,1536,253,64,41,697,222,344,388,46,55,1186,295,212,83,254,266
"species",83,83,244,259,224,1543,258,31,59,758,114,325,574,65,62,1270,298,193,105,226,249
"species",84,84,248,267,226,1109,123,60,18,361,208,259,208,47,49,1500,296,200,95,258,227
"species",85,85,251,265,232,1811,198,109,16,557,334,555,394,27,42,1219,282,218,64,264,237
"species",86,86,232,245,208,667,88,18,40,249,64,229,130,80,62,1404,295,167,127,244,236
"species",87,87,230,245,209,1195,191,24,59,567,85,267,380,71,61,1375,290,175,115,219,237
"species",88,88,227,241,206,1598,162,96,15,479,294,448,335,50,55,1295,272,181,91,236,213
"species",89,89,254,268,235,2167,219,141,15,654,432,578,523,27,43,1190,285,221,63,237,244
"species",90,90,269,289,252,974,230,5,97,656,18,87,49,88,61,1261,344,202,142,266,268
"species",91,91,249,265,230,1801,180,113,13,530,355,527,380,30,44,1248,283,214,68,262,235
"species",92,92,209,223,186,1012,166,19,63,495,65,364,82,78,62,1356,268,143,125,219,188
"species",93,93,232,246,210,1023,156,21,56,469,72,245,335,71,62,1357,292,177,114,212,238
"species",94,94,243,258,218,824,143,12,66,414,45,307,64,74,60,1482,302,180,121,254,220
"species",95,95,265,273,252,1268,204,16,67,583,57,142,330,52,65,800,305,224,80,268,269
"species",96,96,255,268,237,1652,291,64,46,799,222,357,415,40,52,1144,293,217,75,256,266
"species",97,97,247,261,228,2316,224,148,12,664,454,635,537,30,45,1196,279,212,66,232,233
"species",98,98,252,267,232,1774,172,111,11,514,357,498,379,30,44,1255,285,216,68,263,237
"species",99,99,216,228,193,898,153,11,67,445,44,318,71,78,62,1323,276,151,125,225,195
"species",100,100,254,269,236,2141,219,132,17,650,402,594,502,23,39,1181,283,224,59,262,248
"species",101,101,249,264,226,996,164,19,62,489,69,206,312,70,60,1442,310,193,116,237,256
"species",102,102,258,269,244,1820,283,39,61,844,119,503,569,40,58,889,294,224,69,246,260
"species",103,103,252,269,231,1506,153,87,14,446,304,329,304,35,44,1397,290,212,78,255,231
"species",104,104,255,269,237,2154,223,132,18,662,400,600,503,23,39,1178,283,225,58,265,249
"species",105,105,205,218,182,1055,170,21,61,503,72,370,91,78,62,1343,264,140,124,214,184
"species",106,106,265,273,251,1398,214,20,65,618,69,271,380,51,64,823,304,224,79,260,269
"species",107,107,236,250,213,950,122,27,36,340,90,301,213,79,62,1446,299,173,126,249,241
"species",108,108,245,263,227,1072,256,5,96,726,19,102,58,88,62,1224,319,178,141,243,243
"species",109,109,220,232,197,806,140,7,70,409,34,295,59,79,62,1310,281,155,126,229,199
"species",110,110,239,253,214,899,120,30,37,329,102,324,172,75,62,1514,297,177,120,253,242
"species",111,111,250,265,228,1057,176,21,61,522,77,224,335,69,60,1426,310,195,114,238,257
"species",112,112,200,212,178,728,134,7,76,386,23,258,29,80,62,1274,261,134,127,208,180
"species",113,113,262,271,249,1397,207,23,61,604,82,446,403,49,64,837,300,223,77,260,266
"species",114,114,255,269,235,1616,252,70,43,731,231,321,408,48,55,1267,299,211,88,255,269
"species",115,115,254,263,239,1255,190,20,60,538,76,397,369,57,65,880,297,210,86,258,257
"species",116,116,193,206,171,1037,173,20,61,490,68,348,87,79,63,1303,253,128,124,202,173
"species",117,117,239,253,218,1470,239,28,61,712,102,304,523,66,61,1301,294,187,106,220,244
"species",118,118,262,272,249,1775,287,39,62,831,118,510,539,35,56,823,293,231,61,258,264
"species",119,119,223,236,204,601,90,10,59,266,33,216,163,71,65,1173,279,170,108,225,227
"species",120,120,254,267,236,1596,255,61,43,715,219,341,427,40,53,1129,292,216,75,255,265
"species",121,121,254,268,235,2104,223,127,20,665,400,554,525,27,43,1181,284,221,63,251,265
"species",122,122,249,264,231,2078,216,126,16,629,388,597,470,25,41,1184,279,218,60,260,240
"species",123,123,248,264,227,1664,162,96,14,482,344,372,344,37,46,1375,287,207,79,255,227
"species",124,124,239,253,214,675,96,21,44,264,72,259,115,75,62,1514,297,177,120,252,226
"species",125,125,254,269,234,1434,220,66,40,632,211,293,358,51,56,1290,300,209,91,254,252
"species",126,126,240,255,218,648,90,29,32,256,89,185,103,60,57,1409,293,187,105,251,227
"species",127,127,252,267,234,2302,238,141,17,713,432,656,535,23,39,1185,281,221,59,262,246
"species",128,128,234,249,215,1493,151,93,15,447,286,399,357,42,51,1253,274,193,81,216,230
"species",129,129,239,255,216,818,104,26,38,302,85,292,161,68,59,1509,296,182,114,252,226
"species",130,130,247,262,229,2345,245,142,16,722,445,679,543,25,41,1187,277,216,61,258,235
"species",131,131,245,265,228,1055,259,5,96,710,21,108,54,85,60,1239,320,180,140,240,246
"species",132,132,255,270,237,2110,234,122,22,701,389,553,521,24,41,1162,285,224,60,258,267
"species",133,133,236,251,216,1305,136,80,16,398,244,378,268,49,54,1304,281,191,90,246,223
"species",134,134,261,272,245,2041,320,45,57,941,144,523,684,43,57,965,298,223,75,247,263
"species",135,135,233,248,212,1081,119,65,16,346,197,295,221,51,55,1320,279,186,93,243,220
"species",136,136,208,220,185,843,148,11,68,426,41,305,63,77,62,1322,267,143,123,217,187
"species",137,137,252,266,233,2173,219,143,16,655,442,585,527,29,44,1197,284,218,66,235,245
"species",138,138,248,262,229,2339,229,152,13,684,467,637,553,30,45,1198,280,213,67,231,234
"species",139,139,229,242,205,513,86,13,56,232,42,199,68,77,62,1447,289,166,123,241,217
"species",140,140,242,257,221,1088,181,19,63,536,71,213,380,68,61,1358,300,189,111,227,248
"species",141,141,261,275,242,1394,241,42,58,673,129,293,425,49,56,1210,305,219,86,262,273
"species",142,142,234,247,215,1621,256,35,56,759,124,375,576,62,62,1179,285,185,100,217,238
"species",143,143,256,269,239,1778,278,63,44,794,236,374,482,35,50,1096,291,221,69,258,267
"species",144,144,248,263,229,1711,166,107,12,496,341,486,361,33,46,1266,283,211,71,259,234
"species",145,145,239,253,221,1704,292,28,65,855,108,343,631,57,60,1166,288,193,94,223,243
"species",146,146,199,213,177,1033,169,20,62,505,70,363,94,77,63,1337,257,135,122,209,179
"species",147,147,259,270,243,2203,338,51,56,993,165,575,717,45,57,999,298,220,77,245,261
"species",148,148,231,244,210,721,126,12,63,377,44,326,136,81,65,1323,295,170,125,241,229
"species",149,149,254,268,235,1904,197,120,17,579,380,515,463,29,44,1196,286,220,66,253,265
"species",150,150,226,239,207,741,118,12,62,344,37,236,221,69,65,1160,280,173,106,209,230
"species",151,151,248,262,229,2339,243,144,16,724,442,670,547,25,41,1185,277,216,60,258,242
"species",152,152,236,251,212,742,108,22,46,302,66,279,121,68,59,1482,292,179,113,248,222
"species",153,153,255,270,237,1965,220,111,23,656,349,508,501,29,44,1189,287,222,65,257,267
"species",154,154,251,266,231,1712,162,106,11,482,349,473,359,34,46,1279,286,213,73,262,236
"species",155,155,256,267,241,1059,163,20,61,485,63,306,316,54,63,953,299,213,85,243,259
"species",156,156,249,264,231,2091,215,130,17,641,395,589,494,26,42,1192,279,217,62,260,244
"species",157,157,216,233,191,881,164,22,64,456,74,280,88,70,57,1534,275,154,121,227,192
"species",158,158,193,206,171,1075,179,18,64,521,64,410,91,75,63,1325,250,131,119,203,172
"species",159,159,223,236,202,1596,257,30,60,769,109,332,560,68,62,1281,279,170,108,204,228
"species",160,160,236,251,216,1245,122,74,15,361,228,360,265,49,54,1303,281,190,90,249,223
"species",161,161,262,275,243,1230,227,31,64,634,99,239,379,48,56,1207,305,220,85,263,272
"species",162,162,257,271,238,1855,284,78,44,842,268,388,455,37,50,1200,294,220,74,258,268
"species",163,163,262,276,244,1445,256,39,60,725,126,317,414,42,54,1152,302,223,78,264,271
"species",164,164,255,269,236,1837,199,108,21,588,341,486,460,29,44,1191,287,221,65,257,266
"species",165,165,235,248,211,942,130,27,42,356,92,334,177,77,62,1473,296,172,123,248,239
"species",166,166,250,266,229,1525,151,98,12,438,302,367,340,37,47,1336,289,209,79,251,235
"species",167,167,200,214,178,981,178,16,68,518,56,358,75,75,62,1363,258,138,120,210,179
"species",168,168,259,271,243,1992,309,45,56,907,145,516,659,45,58,999,299,221,78,246,262
"species",169,169,258,271,240,1950,347,76,48,962,260,426,476,34,50,1112,292,222,69,259,268
"species",170,170,262,276,243,1314,232,34,62,653,107,254,401,46,55,1189,304,221,83,264,274
"species",171,171,249,266,229,1526,162,94,17,474,308,318,345,36,46,1366,288,210,78,251,266
"species",172,172,202,217,181,761,123,21,52,347,70,265,96,66,60,1347,257,147,109,213,190
"species",173,173,243,258,224,1566,152,96,14,448,294,436,351,34,47,1231,279,206,72,251,230
"species",174,174,246,261,228,2276,226,152,15,678,465,618,548,31,46,1196,280,212,67,230,234
"species",175,175,229,242,209,671,125,10,67,363,36,317,130,77,66,1220,289,171,117,239,228
"species",176,176,227,241,209,1476,234,32,56,691,105,372,499,64,63,1152,279,178,101,211,231
"species",177,177,249,265,229,1521,150,99,11,435,304,408,331,42,50,1345,291,207,84,258,235
"species",178,178,248,265,228,1707,169,103,13,488,362,386,368,35,46,1353,287,209,77,252,242
"species",179,179,249,265,229,1689,178,105,16,519,340,363,381,34,45,1354,286,210,76,250,265
"species",180,180,264,273,251,1553,234,28,62,696,94,470,458,43,62,812,298,229,69,259,267
"species",181,181,247,261,225,856,104,40,25,300,125,204,191,59,58,1373,298,196,102,245,245
"species",182,182,235,250,214,939,94,49,19,279,153,275,204,54,56,1327,283,188,95,245,233
"species",183,183,240,259,223,914,216,6,94,601,20,85,52,86,61,1204,314,174,140,236,240
"species",184,184,261,274,242,1381,256,34,64,721,108,282,408,46,56,1180,303,220,82,262,270
"species",185,185,261,274,243,1521,250,55,50,693,170,328,471,39,52,1123,298,224,74,263,272
"species",186,186,258,272,240,1909,312,79,46,911,269,413,446,34,49,1146,292,223,69,260,270
"species",187,187,232,247,208,765,107,25,42,311,78,258,145,73,61,1468,289,171,118,244,220
"species",188,188,261,272,246,2061,323,46,57,952,148,531,686,39,56,933,296,226,70,248,263
"species",189,189,218,232,194,855,121,26,44,333,88,327,149,74,63,1457,275,157,117,230,205
"species",190,190,237,248,221,791,131,12,62,370,39,275,222,73,67,1023,291,184,107,246,241
"species",191,191,233,246,214,593,91,10,60,268,32,220,157,70,65,1170,288,180,107,243,237
"species",192,192,253,267,235,1861,335,73,48,917,246,393,467,42,53,1167,292,213,79,254,265
"species",193,193,259,272,241,1612,262,60,48,727,185,356,492,40,53,1129,296,221,75,260,270
"species",194,194,258,268,243,1652,255,35,60,759,111,462,510,42,59,898,294,222,72,245,260
"species",195,195,235,250,211,944,146,22,52,414,76,342,135,73,61,1469,293,174,119,247,223
"species",196,196,262,275,243,1421,247,41,58,695,131,311,418,46,55,1187,304,220,83,263,271
"species",197,197,263,276,245,1432,269,34,64,750,111,289,422,42,54,1145,302,225,77,265,272
"species",198,198,208,222,185,880,155,14,67,455,50,325,67,74,62,1385,265,145,119,218,186
"species",199,199,198,211,175,988,162,17,62,468,62,379,89,75,63,1334,254,135,119,207,176
"species",200,200,244,263,228,1279,297,7,95,842,26,116,69,87,62,1203,319,179,140,241,244
"species",201,201,260,273,242,1581,261,55,52,734,166,334,479,41,54,1137,298,222,76,262,271
"species",202,202,240,259,223,937,211,6,91,592,22,88,62,87,61,1216,314,174,140,236,239
"species",203,203,252,272,230,1446,173,79,24,499,263,309,273,46,48,1560,301,204,96,254,236
"species",204,204,264,273,251,1457,229,20,67,666,68,274,391,49,64,804,302,225,77,258,268
"species",205,205,248,263,230,2120,237,124,23,694,390,541,553,35,48,1213,284,212,72,250,260
"species",206,206,253,267,233,1179,202,35,60,562,111,169,378,57,59,1289,303,205,97,244,262
"species",207,207,258,269,243,1197,177,23,59,526,71,369,357,53,64,922,299,216,82,245,261
"species",208,208,263,283,243,791,177,8,83,483,25,87,67,86,60,1335,338,195,143,260,261
"species",209,209,249,270,225,1254,168,55,35,489,193,330,232,54,50,1633,303,195,108,260,233
"species",210,210,254,272,232,1463,190,79,26,516,265,270,279,38,45,1470,296,211,84,255,239
"species",211,211,257,266,243,1312,194,22,59,562,83,405,391,55,65,880,299,215,84,251,261
"species",212,212,226,240,205,1018,107,51,21,311,163,304,212,54,57,1306,273,178,95,236,222
"species",213,213,236,249,219,782,116,15,59,345,49,246,220,62,64,1061,286,189,97,221,240
"species",214,214,264,273,251,1593,246,31,61,729,104,459,477,40,61,819,297,230,66,259,267
"species",215,215,201,216,180,1033,153,42,40,443,133,305,141,62,58,1353,254,147,106,211,189
"species",216,216,243,257,223,1357,231,28,60,678,99,290,513,65,62,1256,297,192,104,225,248
"species",217,217,259,268,246,1317,193,23,59,566,85,408,386,51,64,858,298,219,79,257,263
"species",218,218,217,231,194,747,124,12,63,359,45,280,66,76,62,1372,275,154,121,227,196
"species",219,219,245,260,225,973,123,47,28,358,144,219,236,56,57,1344,295,197,98,245,243
"species",220,220,209,222,186,975,129,26,44,381,89,333,171,75,63,1358,267,147,120,219,199
"species",221,221,253,268,233,1655,164,106,12,468,328,408,368,35,46,1302,290,214,75,264,238
"species",222,222,254,268,235,1537,250,68,41,700,231,337,368,48,55,1242,298,210,87,254,267
"species",223,223,214,228,191,837,111,30,36,324,96,276,175,75,62,1413,272,153,119,226,203
"species",224,224,231,244,213,712,110,12,60,317,37,241,200,67,64,1120,284,180,103,227,234
"species",225,225,230,245,207,904,129,27,44,363,85,333,154,68,60,1473,286,173,112,242,217
"species",226,226,225,240,204,640,82,27,31,232,86,204,110,58,57,1338,275,175,100,236,212
"species",227,227,255,269,237,1723,309,67,48,848,227,357,435,44,54,1197,296,214,82,256,267
"species",228,228,214,227,195,759,142,11,66,411,42,361,144,78,66,1193,274,157,117,224,211
"species",229,229,247,261,227,1554,156,95,15,464,293,429,362,34,47,1244,282,209,73,257,238
"species",230,230,253,267,234,1729,294,75,43,809,256,377,420,46,55,1209,295,211,84,253,266
"species",231,231,216,230,197,1849,192,107,18,575,339,546,353,39,50,1245,254,176,78,224,202
"species",232,232,238,250,221,1558,259,36,58,746,111,402,514,59,62,1070,287,192,94,223,241
"species",233,233,216,231,197,1545,163,93,17,482,284,435,306,43,52,1273,257,173,83,226,203
"species",234,234,261,273,246,1846,289,42,57,850,133,485,610,42,57,946,298,225,73,249,263
"species",235,235,209,224,187,710,108,28,43,314,87,212,95,63,58,1378,262,154,108,219,196
"species",236,236,238,254,218,1150,125,66,19,364,201,314,221,46,52,1344,282,193,89,248,224
"species",237,237,252,269,232,1746,185,108,17,540,343,372,395,31,43,1340,288,215,72,254,268
"species",238,238,253,269,233,1620,166,105,13,488,318,388,371,33,45,1302,289,215,73,255,238
"species",239,239,255,269,234,961,167,20,66,497,69,187,319,61,59,1326,308,205,102,244,260
"species",240,240,222,234,199,775,120,11,59,358,52,279,89,78,62,1338,282,157,125,232,201
"species",241,241,247,262,226,1142,197,23,65,586,83,218,378,65,60,1348,303,196,107,237,253
"species",242,242,229,241,211,559,95,7,64,276,23,219,144,73,66,1128,285,174,110,239,233
"species",243,243,234,248,213,976,104,51,21,300,161,298,199,54,56,1329,282,186,95,246,223
"species",244,244,248,260,231,1593,260,38,58,753,117,418,523,57,62,1065,295,203,92,233,251
"species",245,245,253,267,235,1861,320,77,46,891,259,388,458,45,54,1205,295,212,82,254,266
"species",246,246,243,258,222,1254,125,76,15,372,231,357,263,48,53,1332,287,197,90,253,229
"species",247,247,244,258,225,1238,207,24,60,606,88,265,451,61,61,1217,295,195,99,227,248
"species",248,248,261,274,243,1528,266,46,58,753,142,342,445,42,54,1149,300,222,78,262,269
"species",249,249,263,274,249,1986,309,40,61,925,127,531,650,34,54,881,295,231,63,251,264
"species",250,250,264,277,246,1211,210,32,63,613,101,273,348,39,53,1118,301,226,74,266,272
"species",251,251,215,229,192,704,112,12,61,327,46,266,67,76,62,1374,273,152,120,225,194
"species",252,252,260,274,242,1556,259,53,53,727,160,331,468,44,54,1158,300,220,80,262,272
"species",253,253,211,227,190,745,115,28,44,332,92,229,95,63,58,1382,265,157,108,222,198
"species",254,254,259,272,240,1597,263,56,52,739,169,341,480,44,55,1155,299,219,80,260,270
"species",255,255,253,267,234,1294,186,62,34,525,212,301,335,48,56,1197,296,210,86,253,252
"species",256,256,213,226,190,959,129,31,40,381,98,319,190,74,62,1391,270,151,118,223,201
"species",257,257,224,239,203,629,74,29,27,212,92,199,115,55,57,1318,273,175,97,234,211
"species",258,258,203,217,180,1026,169,29,52,482,96,346,121,74,61,1387,261,141,120,213,187
"species",259,259,261,274,244,1517,239,59,46,682,193,320,431,33,49,1085,294,227,67,263,271
"species",260,260,219,233,199,1122,120,59,21,346,186,346,227,53,57,1284,266,172,93,233,206
"species",261,261,257,269,241,2176,335,51,56,985,166,565,703,45,58,1010,297,218,78,243,259
"species",262,262,249,264,229,1709,247,84,37,716,255,351,431,51,56,1289,295,204,91,249,247
"species",263,263,256,270,237,1671,268,68,47,792,230,345,403,37,50,1176,292,219,73,257,267
"species",264,264,261,273,244,1652,247,59,45,722,220,352,453,30,47,1067,292,228,63,263,271
"species",265,265,235,250,214,1359,158,72,24,472,223,385,236,47,52,1343,279,189,90,244,221
"species",266,266,216,230,196,1424,159,76,23,474,239,424,259,47,53,1283,259,171,88,225,202
"species",267,267,262,272,248,1137,168,23,58,494,76,346,333,50,64,886,301,222,78,256,265
"species",268,268,243,258,223,1305,131,80,14,382,245,382,278,43,52,1273,284,201,82,257,230
"species",269,269,245,259,224,1173,135,66,25,393,201,275,304,51,55,1314,291,199,91,245,242
"species",270,270,259,272,240,1571,254,35,62,754,118,326,542,49,57,1161,303,217,86,243,268
"species",271,271,210,223,187,651,94,19,46,274,58,231,110,76,62,1365,269,148,121,221,199
"species",272,272,262,272,247,1131,169,23,59,491,73,350,332,47,62,897,300,223,76,256,264
"species",273,273,244,259,224,1297,140,75,18,400,230,337,319,48,54,1296,288,200,88,250,241
"species",274,274,241,257,220,1178,140,65,22,401,198,301,217,49,52,1379,287,194,93,251,227
"species",275,275,221,235,197,1055,155,23,54,456,83,392,132,75,62,1397,278,158,120,231,210
"species",276,276,255,269,236,1418,247,40,61,695,124,277,444,54,58,1250,302,210,92,256,266
"species",277,277,246,261,226,1553,224,76,37,647,230,316,398,52,56,1290,293,201,92,246,244
"species",278,278,249,264,228,1109,192,22,65,569,78,213,369,62,60,1318,303,199,103,239,255
"species",279,279,221,236,198,1128,191,18,64,555,66,426,93,74,61,1418,279,159,120,232,199
"species",280,280,261,273,246,1996,302,47,55,890,151,525,640,42,56,991,300,224,75,248,263
"species",281,281,253,269,233,1740,184,109,16,538,346,373,395,30,43,1330,288,216,71,255,269
"species",282,282,245,259,224,1095,125,60,24,373,183,257,273,53,56,1329,292,198,94,244,242
"species",283,283,223,237,200,1081,162,27,49,463,92,383,168,74,62,1423,280,161,118,234,212
"species",284,284,220,234,197,915,142,18,57,412,68,338,105,75,62,1389,278,157,120,231,207
"species",285,285,263,273,249,1372,214,30,60,620,91,410,409,41,59,860,298,229,69,258,265
"species",286,286,253,273,231,1474,178,81,23,505,269,303,280,44,47,1533,300,206,93,256,237
"species",287,287,211,223,188,782,125,20,54,356,62,290,109,77,62,1359,271,148,122,222,200
"species",288,288,253,267,233,1134,187,26,63,562,90,223,373,55,59,1246,301,207,93,244,262
"species",289,289,248,262,228,1596,175,98,21,505,297,412,405,41,51,1248,287,207,79,248,244
"species",290,290,258,271,241,1735,261,62,45,759,229,366,481,32,49,1078,291,224,66,260,268
"species",291,291,254,268,235,1405,230,46,51,639,150,310,427,52,57,1219,300,209,90,255,266
"species",292,292,227,241,203,1016,144,29,44,418,94,345,181,74,62,1433,284,165,119,238,216
"species",293,293,253,267,233,1085,174,40,52,482,122,171,347,58,59,1287,303,205,98,251,262
"species",294,294,256,270,238,2026,320,82,47,952,279,432,487,34,49,1162,291,221,70,257,267
"species",295,295,202,216,179,897,140,27,49,405,89,300,115,74,61,1384,260,140,120,212,192
"species",296,296,244,261,222,1066,121,58,20,355,179,262,209,52,53,1437,293,194,98,254,229
"species",297,297,264,273,250,1301,197,27,59,580,88,384,385,46,62,862,300,226,73,258,266
"species",298,298,253,266,235,1517,230,64,39,647,231,333,405,44,54,1156,293,213,80,254,264
"species",299,299,229,245,208,1206,141,63,22,411,195,345,229,57,56,1363,280,179,101,240,216
"species",300,300,229,242,211,1097,177,21,58,510,69,311,344,63,64,1094,280,180,99,213,233
"species",301,301,212,225,189,806,124,22,50,354,70,293,127,76,62,1376,271,150,121,223,201
"species",302,302,254,268,234,1118,187,36,57,517,112,191,366,56,58,1271,303,207,95,247,267
"species",303,303,222,239,198,795,129,25,52,386,84,234,112,70,57,1515,282,161,120,233,207
"species",304,304,261,274,242,1410,244,43,59,685,133,293,430,48,56,1197,304,219,85,262,270
"species",305,305,253,269,233,1691,178,107,16,520,344,370,386,32,44,1332,289,215,73,255,269
"species",306,306,256,267,242,1769,281,36,62,832,112,486,560,42,58,904,293,220,72,244,258
"species",307,307,212,225,189,807,120,24,46,345,75,285,137,76,62,1383,271,150,120,223,201
"species",308,308,223,238,202,1005,118,51,23,345,157,283,189,58,57,1353,274,172,101,233,210
"species",309,309,252,265,233,1488,227,65,38,636,229,330,396,47,55,1182,294,210,84,252,264
"species",310,310,262,274,246,1995,298,47,56,885,151,528,629,41,56,992,299,225,74,248,264
"species",311,311,256,270,238,1937,277,86,39,812,286,431,501,34,48,1199,292,220,71,258,268
"species",312,312,257,271,237,1123,188,24,65,563,81,218,371,53,58,1228,303,212,91,248,266
"species",313,313,216,229,196,842,161,13,68,461,47,414,150,82,66,1243,280,156,124,226,214
"species",314,314,251,265,230,1137,193,22,64,572,80,223,376,60,60,1293,302,201,100,241,256
"species",315,315,241,250,226,971,176,12,66,502,46,206,244,72,68,923,295,188,106,247,246
"species",316,316,254,268,234,1113,191,24,66,568,82,214,374,57,59,1274,304,207,97,245,262
"species",317,317,255,266,241,1426,214,30,60,639,92,417,428,47,61,901,294,217,76,242,257
"species",318,318,261,271,247,1550,247,32,61,717,99,447,473,41,60,848,295,226,68,256,263
"species",319,319,215,229,192,993,131,30,41,390,98,327,197,75,62,1389,272,153,119,226,204
"species",320,320,261,272,247,1956,304,39,60,905,125,537,632,36,55,885,294,229,65,249,263
"species",321,321,233,247,214,1199,187,24,56,555,84,311,403,66,63,1217,287,182,105,216,237
"species",322,322,264,273,250,1410,224,31,61,649,94,413,424,39,58,847,297,230,66,259,265
"species",323,323,218,233,197,1576,187,89,22,533,269,438,294,51,54,1344,264,170,94,227,204
"species",324,324,240,255,219,1308,136,76,18,407,230,380,254,51,54,1349,287,192,94,250,226
"species",325,325,237,248,221,907,145,15,61,410,47,306,262,72,67,1010,290,184,106,245,241
"species",326,326,256,271,237,1910,226,103,27,676,328,471,498,33,47,1210,291,220,70,258,268
"species",327,327,260,273,241,1254,207,25,63,612,86,263,401,50,57,1182,304,217,86,252,269
"species",328,328,255,269,237,1504,246,30,61,724,110,319,524,52,58,1164,301,212,89,239,259
"species",329,329,258,271,239,1612,264,36,61,781,126,334,563,50,58,1154,302,215,86,242,261
"species",330,330,237,252,215,1065,135,53,27,390,162,305,184,58,56,1398,288,185,103,247,223
"species",331,331,247,262,227,1212,163,62,33,474,188,254,316,52,56,1312,294,201,93,247,245
"species",332,332,238,251,219,793,129,14,61,376,43,235,249,68,64,1188,292,185,106,220,242
"species",333,333,239,254,219,1144,115,67,16,345,210,345,249,49,54,1302,284,194,90,254,225
"species",334,334,257,267,243,1451,217,28,59,642,95,426,435,50,64,869,296,217,78,251,260
"species",335,335,253,264,237,1016,155,18,59,455,57,312,303,62,66,985,300,206,94,238,256
"species",336,336,255,266,238,1523,240,33,57,702,106,409,506,50,60,1008,297,213,84,241,257
"species",337,337,258,272,240,1470,230,34,57,675,117,341,467,51,58,1180,303,215,88,250,267
"species",338,338,255,269,236,1367,223,27,61,659,101,297,438,53,58,1207,301,210,91,246,263
"species",339,339,233,246,215,883,150,17,60,434,54,231,295,64,63,1121,284,184,100,217,236
"species",340,340,259,272,240,1606,269,55,55,760,169,363,467,45,55,1170,300,218,82,260,268
"species",341,341,256,269,237,1337,227,44,56,631,135,279,403,51,57,1221,301,211,89,257,268
"species",342,342,217,232,194,1127,197,18,65,572,65,419,90,73,61,1416,275,155,119,228,195
"species",343,343,257,268,243,1861,293,37,61,867,118,518,594,40,57,899,293,222,70,245,259
"species",344,344,254,265,238,1125,170,23,58,499,73,342,328,55,63,970,298,210,87,240,257
"species",345,345,221,236,197,1066,181,25,57,516,83,378,110,73,60,1434,279,159,120,231,198
"species",346,346,254,268,235,1473,248,48,57,687,146,297,469,53,58,1237,301,209,91,255,267
"species",347,347,221,236,200,971,144,41,37,406,126,293,145,61,58,1371,274,168,105,232,208
"species",348,348,256,270,237,1392,229,26,61,674,96,300,494,56,59,1213,305,210,94,239,260
"species",349,349,252,266,232,1450,234,29,59,688,107,320,512,60,60,1252,303,203,99,234,256
"species",350,350,254,268,234,1149,194,23,64,576,84,230,378,56,59,1256,303,207,95,244,262
"species",351,351,256,270,238,1854,321,75,47,902,251,387,450,39,52,1170,294,218,76,257,268
"species",352,352,261,274,244,1892,296,43,61,883,138,390,645,41,54,1078,299,224,75,248,268
"species",353,353,259,272,241,1989,311,50,60,931,154,415,679,44,55,1105,299,220,79,244,267
"species",354,354,261,273,245,1825,264,44,56,789,143,497,547,41,55,1010,299,225,74,254,263
"species",355,355,262,274,245,1846,293,47,59,851,145,398,592,40,54,1057,299,225,74,256,269
"species",356,356,238,248,222,1239,189,24,57,531,76,394,370,69,67,963,289,187,101,241,242
"species",357,357,256,271,236,1208,165,57,35,483,193,252,325,47,54,1294,300,213,87,256,256
"species",358,358,241,255,223,1640,260,37,56,769,124,380,572,60,62,1162,292,193,98,225,245
"species",359,359,261,274,243,1400,238,34,63,686,105,299,420,41,54,1119,299,223,75,263,269
"species",360,360,257,270,238,1301,214,29,63,639,92,265,411,48,57,1172,300,215,84,249,266
"species",361,361,258,271,241,2008,315,51,60,939,157,416,681,43,55,1090,298,219,78,243,266
"species",362,362,261,272,246,1839,286,38,59,851,124,497,600,40,57,919,297,226,70,248,263
"species",363,363,254,267,236,1520,260,33,61,755,107,358,527,57,61,1117,302,208,93,238,257
"species",364,364,255,269,237,2095,334,86,47,989,291,445,499,35,49,1159,290,219,70,256,267
"species",365,365,241,254,222,1263,198,28,55,586,96,304,433,62,62,1176,292,192,100,224,245
"species",366,366,260,271,245,1909,305,37,60,905,122,507,634,40,57,915,296,225,70,248,262
"species",367,367,262,275,244,1644,262,39,61,770,120,351,544,44,55,1123,303,223,80,255,270
"species",368,368,255,269,236,1249,208,25,63,619,89,253,404,53,58,1219,302,211,91,247,265
"species",369,369,253,267,233,1145,192,22,60,563,81,242,419,61,61,1257,305,204,101,235,257
"species",370,370,254,268,234,1145,187,41,53,520,128,245,350,57,59,1279,303,206,97,254,267
"species",371,371,258,267,243,1596,247,33,60,718,101,474,482,45,61,869,294,220,73,252,260
"species",372,372,256,270,238,1965,330,80,47,951,268,415,467,36,50,1153,292,220,72,257,268
"species",373,373,258,270,243,1822,285,39,58,848,126,484,597,42,58,930,296,222,73,246,260
"species",374,374,239,250,223,1033,159,20,58,454,60,345,302,70,67,993,291,187,104,247,243
"species",375,375,242,253,226,1113,171,22,57,486,67,368,326,69,67,990,294,191,103,250,246
"species",376,376,208,222,186,582,99,14,55,277,49,201,69,66,59,1367,263,152,110,218,195
"species",377,377,237,248,221,1126,181,23,58,522,72,331,348,61,65,981,284,191,93,223,240
"species",378,378,262,275,244,1375,229,32,63,664,97,295,412,39,53,1105,299,225,74,261,270
"species",379,379,259,272,241,1366,227,31,63,668,95,283,422,44,55,1138,299,220,79,251,267
"species",380,380,242,255,223,1361,214,30,56,630,98,353,451,63,62,1177,294,192,101,225,245
"species",381,381,254,265,238,1264,205,25,62,604,78,353,397,53,62,985,297,211,86,240,256
"species",382,382,256,266,241,1822,296,35,61,873,113,493,601,42,58,913,292,219,72,243,257
"species",383,383,263,275,245,1570,251,36,61,745,111,336,505,40,54,1094,301,225,75,256,270
"species",384,384,259,270,244,1766,282,36,59,833,116,473,581,42,58,926,296,223,73,246,261
"species",385,385,253,267,235,1528,242,30,58,712,114,346,525,54,59,1164,300,208,91,237,257
"species",386,386,253,265,238,1612,256,36,58,756,114,427,524,48,60,964,294,214,79,240,256
"species",387,387,255,266,240,1591,252,33,60,742,101,451,497,46,60,930,294,216,77,242,257
"species",388,388,256,267,240,1574,239,37,55,708,119,438,493,46,59,952,295,217,77,242,258
"species",389,389,259,271,241,1892,285,46,56,844,154,447,597,46,57,1083,300,219,81,246,266
"species",390,390,246,259,227,1161,182,27,55,538,87,296,389,63,62,1189,298,196,101,229,250
"species",391,391,253,266,235,1280,211,30,57,615,96,318,431,59,61,1141,302,206,96,237,256
"species",392,392,236,248,220,1052,173,22,59,497,67,301,332,63,65,1009,285,188,96,221,239
"species",393,393,235,246,219,1180,194,24,59,558,74,333,374,61,65,981,282,189,93,221,238
"species",394,394,258,271,240,1675,260,37,58,778,130,383,557,50,58,1115,302,215,86,243,261
"species",395,395,256,268,241,1280,203,26,60,598,83,367,397,50,61,967,298,215,82,243,259
